gene	pos	subunit	response
TraesCS1A01G003000	593	3	0
TraesCS1A01G008800	454	3	0
TraesCS1A01G018100	1321	3	0
TraesCS1A01G030100	631	3	0
TraesCS1A01G036200	124	3	0
TraesCS1A01G036800	979	3	0
TraesCS1A01G048100	1019	3	0
TraesCS1A01G060000	1815	3	0
TraesCS1A01G067000	1736	3	0
TraesCS1A01G084200	185	3	0
TraesCS1A01G085000	195	3	0
TraesCS1A01G095100	1327	3	0
TraesCS1A01G108100	1305	3	0
TraesCS1A01G140200	1428	3	0
TraesCS1A01G140300	1027	3	0
TraesCS1A01G140400	1428	3	0
TraesCS1A01G140500	1027	3	0
TraesCS1A01G142000	1182	3	0
TraesCS1A01G147700	457	3	0
TraesCS1A01G156700	1429	3	0
TraesCS1A01G156800	1807	3	0
TraesCS1A01G166200	179	3	0
TraesCS1A01G168900	177	3	1
TraesCS1A01G170800	388	3	0
TraesCS1A01G179000	382	3	0
TraesCS1A01G180600	1121	3	0
TraesCS1A01G189200	1194	3	0
TraesCS1A01G197800	71	3	0
TraesCS1A01G211200	560	3	0
TraesCS1A01G213900	25	3	0
TraesCS1A01G222300	869	3	0
TraesCS1A01G236600	453	3	0
TraesCS1A01G239400	1473	3	0
TraesCS1A01G263600	12	3	0
TraesCS1A01G298200	1311	3	1
TraesCS1A01G329100	291	3	0
TraesCS1A01G346600	193	3	0
TraesCS1A01G348400	682	3	0
TraesCS1A01G361400	103	3	0
TraesCS1A01G361600	1297	3	1
TraesCS1A01G363200	944	3	0
TraesCS1A01G370200	543	3	0
TraesCS1A01G390300	1469	3	0
TraesCS1A01G401200	1167	3	0
TraesCS1A01G402900	1767	3	0
TraesCS1A01G430500	650	3	0
TraesCS1A01G438500	1907	4	0
TraesCS1B01G029400	1284	3	0
TraesCS1B01G029800	1900	3	0
TraesCS1B01G052900	908	3	0
TraesCS1B01G060200	24	4	0
TraesCS1B01G062300	1079	3	0
TraesCS1B01G064400	735	3	0
TraesCS1B01G078500	1914	3	0
TraesCS1B01G084800	904	3	0
TraesCS1B01G087900	376	3	0
TraesCS1B01G101700	187	3	0
TraesCS1B01G104200	659	3	0
TraesCS1B01G104600	269	3	0
TraesCS1B01G176000	1186	4	0
TraesCS1B01G188000	173	3	0
TraesCS1B01G196900	779	3	0
TraesCS1B01G212500	71	3	0
TraesCS1B01G216100	1142	3	0
TraesCS1B01G227700	25	3	0
TraesCS1B01G235200	1905	3	0
TraesCS1B01G235700	851	3	0
TraesCS1B01G242500	1	3	0
TraesCS1B01G252600	1690	3	0
TraesCS1B01G283300	1326	3	0
TraesCS1B01G306300	1127	5	0
TraesCS1B01G307700	1471	3	0
TraesCS1B01G308500	1052	3	0
TraesCS1B01G311700	373	3	0
TraesCS1B01G318000	49	3	0
TraesCS1B01G318600	1160	3	0
TraesCS1B01G335000	1469	3	0
TraesCS1B01G339800	555	3	0
TraesCS1B01G347100	325	4	1
TraesCS1B01G351600	503	3	0
TraesCS1B01G355500	1020	3	0
TraesCS1B01G371500	739	3	0
TraesCS1B01G378000	106	3	0
TraesCS1B01G378300	1111	3	1
TraesCS1B01G384100	151	5	0
TraesCS1B01G414000	1805	3	0
TraesCS1B01G435300	1731	3	0
TraesCS1B01G435600	407	3	0
TraesCS1B01G453600	817	3	0
TraesCS1B01G458300	1026	3	0
TraesCS1B01G465200	649	3	0
TraesCS1B01G465300	10	3	0
TraesCS1B01G468900	1102	3	0
TraesCS1B01G472600	987	4	0
TraesCS1D01G046700	171	3	0
TraesCS1D01G047800	24	4	1
TraesCS1D01G049000	1663	3	0
TraesCS1D01G050100	673	3	0
TraesCS1D01G065400	1431	3	0
TraesCS1D01G085400	186	3	0
TraesCS1D01G087800	303	3	0
TraesCS1D01G127100	842	3	0
TraesCS1D01G137100	1027	3	0
TraesCS1D01G137200	1428	3	0
TraesCS1D01G146800	1007	3	0
TraesCS1D01G166900	173	3	0
TraesCS1D01G177400	358	3	0
TraesCS1D01G178200	1939	3	0
TraesCS1D01G184700	1576	3	0
TraesCS1D01G187200	638	3	0
TraesCS1D01G210900	335	3	1
TraesCS1D01G230100	1	3	0
TraesCS1D01G247500	1830	3	0
TraesCS1D01G274400	1939	3	0
TraesCS1D01G274600	1686	3	0
TraesCS1D01G293000	933	3	1
TraesCS1D01G307300	1109	3	0
TraesCS1D01G318700	1510	3	0
TraesCS1D01G330600	1911	3	0
TraesCS1D01G341100	498	3	0
TraesCS1D01G351400	1295	3	0
TraesCS1D01G396100	1056	3	0
TraesCS1D01G398700	1335	3	0
TraesCS1D01G414600	837	3	0
TraesCS1D01G427100	241	3	0
TraesCS1D01G433300	1434	4	0
TraesCS1D01G441200	488	3	0
TraesCS2A01G000200	1572	3	0
TraesCS2A01G002300	1417	3	0
TraesCS2A01G003800	1226	3	0
TraesCS2A01G003900	1674	3	0
TraesCS2A01G008000	1066	3	0
TraesCS2A01G009300	365	3	0
TraesCS2A01G018200	526	3	0
TraesCS2A01G035000	239	3	0
TraesCS2A01G038900	898	3	0
TraesCS2A01G039500	1428	3	0
TraesCS2A01G084900	411	3	0
TraesCS2A01G096500	513	3	1
TraesCS2A01G097500	1044	3	0
TraesCS2A01G124100	199	3	0
TraesCS2A01G139600	702	3	0
TraesCS2A01G155300	889	3	0
TraesCS2A01G158300	111	3	0
TraesCS2A01G158600	1960	3	0
TraesCS2A01G175300	1347	3	0
TraesCS2A01G182000	239	3	0
TraesCS2A01G187900	815	3	0
TraesCS2A01G228900	908	3	0
TraesCS2A01G231900	738	3	0
TraesCS2A01G243200	268	3	0
TraesCS2A01G249000	441	3	0
TraesCS2A01G250600	379	3	0
TraesCS2A01G275600	566	3	0
TraesCS2A01G280300	728	3	0
TraesCS2A01G297500	141	3	0
TraesCS2A01G299600	1657	3	0
TraesCS2A01G308400	814	3	0
TraesCS2A01G320900	1978	3	0
TraesCS2A01G328400	170	3	0
TraesCS2A01G363300	19	3	0
TraesCS2A01G375900	1826	3	0
TraesCS2A01G379300	1846	3	0
TraesCS2A01G381800	952	3	0
TraesCS2A01G408900	1560	3	0
TraesCS2A01G451500	827	3	0
TraesCS2A01G466900	1585	3	0
TraesCS2A01G472000	234	3	0
TraesCS2A01G481800	1238	3	0
TraesCS2A01G497000	1062	3	0
TraesCS2A01G530300	1777	3	0
TraesCS2A01G532100	79	3	0
TraesCS2A01G532200	379	3	0
TraesCS2A01G553200	1920	3	0
TraesCS2A01G569400	1548	3	0
TraesCS2A01G577200	153	3	0
TraesCS2B01G000700	1192	3	0
TraesCS2B01G008900	1254	3	0
TraesCS2B01G013700	675	3	0
TraesCS2B01G031000	1279	3	0
TraesCS2B01G048000	429	3	0
TraesCS2B01G052100	914	3	0
TraesCS2B01G085900	318	3	0
TraesCS2B01G086100	318	3	0
TraesCS2B01G109900	1452	3	0
TraesCS2B01G112000	695	3	1
TraesCS2B01G113200	990	3	0
TraesCS2B01G120400	1790	4	0
TraesCS2B01G127700	1679	3	0
TraesCS2B01G136800	231	3	0
TraesCS2B01G147600	1583	3	0
TraesCS2B01G181900	1101	3	0
TraesCS2B01G183600	85	3	0
TraesCS2B01G184600	690	3	0
TraesCS2B01G203100	421	3	0
TraesCS2B01G208500	238	3	0
TraesCS2B01G219400	852	3	0
TraesCS2B01G220100	941	3	0
TraesCS2B01G223700	1676	3	0
TraesCS2B01G228700	1964	3	0
TraesCS2B01G237800	834	3	0
TraesCS2B01G247300	1666	3	0
TraesCS2B01G247500	49	3	0
TraesCS2B01G252900	571	3	0
TraesCS2B01G264300	1985	3	0
TraesCS2B01G264900	1107	3	0
TraesCS2B01G265300	1138	3	0
TraesCS2B01G268400	429	3	0
TraesCS2B01G273500	591	3	0
TraesCS2B01G293300	580	3	0
TraesCS2B01G314200	1791	4	0
TraesCS2B01G316100	1813	3	0
TraesCS2B01G317700	1821	3	0
TraesCS2B01G324100	1826	3	0
TraesCS2B01G329100	69	3	0
TraesCS2B01G329500	852	3	0
TraesCS2B01G348900	1453	3	0
TraesCS2B01G353200	1254	3	0
TraesCS2B01G354200	204	3	0
TraesCS2B01G356700	260	3	0
TraesCS2B01G360200	686	3	0
TraesCS2B01G368200	175	3	0
TraesCS2B01G371000	1634	3	0
TraesCS2B01G399100	893	3	0
TraesCS2B01G471200	681	3	0
TraesCS2B01G483000	349	3	0
TraesCS2B01G488000	1039	3	0
TraesCS2B01G530100	1852	3	0
TraesCS2B01G533600	603	3	0
TraesCS2B01G542800	977	3	0
TraesCS2B01G569600	545	3	0
TraesCS2B01G599200	1204	3	0
TraesCS2B01G607200	511	3	0
TraesCS2B01G620200	1471	3	0
TraesCS2B01G628000	1302	3	0
TraesCS2D01G004700	1469	3	0
TraesCS2D01G008000	453	3	0
TraesCS2D01G010200	368	3	0
TraesCS2D01G020700	76	3	0
TraesCS2D01G028400	1453	3	0
TraesCS2D01G035500	1956	3	0
TraesCS2D01G041500	1250	3	0
TraesCS2D01G068600	1009	3	0
TraesCS2D01G078900	543	3	0
TraesCS2D01G087400	1248	3	0
TraesCS2D01G095000	238	3	1
TraesCS2D01G096100	1750	3	0
TraesCS2D01G097900	843	3	0
TraesCS2D01G111600	1983	3	0
TraesCS2D01G142400	719	3	0
TraesCS2D01G144500	493	3	0
TraesCS2D01G164200	79	3	0
TraesCS2D01G165200	122	3	0
TraesCS2D01G169000	1756	3	0
TraesCS2D01G170100	45	3	0
TraesCS2D01G173400	333	3	0
TraesCS2D01G184100	554	3	0
TraesCS2D01G189700	244	3	0
TraesCS2D01G208600	1104	3	0
TraesCS2D01G216100	334	3	0
TraesCS2D01G244400	269	3	0
TraesCS2D01G248700	554	3	0
TraesCS2D01G251600	399	3	0
TraesCS2D01G252600	919	3	0
TraesCS2D01G261300	430	3	0
TraesCS2D01G295500	149	3	0
TraesCS2D01G297500	1805	3	0
TraesCS2D01G306700	1063	3	0
TraesCS2D01G310600	74	3	0
TraesCS2D01G322300	1720	5	0
TraesCS2D01G333700	1535	3	0
TraesCS2D01G334600	170	3	0
TraesCS2D01G334700	1786	3	0
TraesCS2D01G337500	273	3	0
TraesCS2D01G345500	122	3	0
TraesCS2D01G360800	19	3	1
TraesCS2D01G365000	502	3	0
TraesCS2D01G374000	1456	3	0
TraesCS2D01G378300	946	3	0
TraesCS2D01G391300	1121	3	0
TraesCS2D01G398200	476	3	0
TraesCS2D01G403400	1506	3	0
TraesCS2D01G412900	1984	3	0
TraesCS2D01G435700	971	3	0
TraesCS2D01G443400	366	3	0
TraesCS2D01G453000	1281	3	0
TraesCS2D01G469800	1487	3	0
TraesCS2D01G484900	1963	3	0
TraesCS2D01G536500	766	3	0
TraesCS2D01G552100	1156	3	0
TraesCS2D01G581000	1010	3	0
TraesCS2D01G581100	1411	3	0
TraesCS3A01G015400	1050	3	0
TraesCS3A01G027100	1870	3	0
TraesCS3A01G027400	1468	3	0
TraesCS3A01G035300	1656	3	0
TraesCS3A01G054300	1279	3	0
TraesCS3A01G064400	1375	3	0
TraesCS3A01G084300	510	3	0
TraesCS3A01G105600	1721	3	0
TraesCS3A01G106700	6	3	0
TraesCS3A01G116600	1097	3	0
TraesCS3A01G136000	1504	3	0
TraesCS3A01G136700	485	3	0
TraesCS3A01G158000	1928	3	0
TraesCS3A01G169200	501	3	0
TraesCS3A01G173700	1027	3	0
TraesCS3A01G173800	1806	3	0
TraesCS3A01G194200	1396	3	0
TraesCS3A01G194300	599	3	0
TraesCS3A01G224800	1659	3	0
TraesCS3A01G229200	1371	3	0
TraesCS3A01G265300	97	3	0
TraesCS3A01G276600	558	3	0
TraesCS3A01G285500	853	3	0
TraesCS3A01G306700	724	3	0
TraesCS3A01G307300	98	3	0
TraesCS3A01G308100	490	3	0
TraesCS3A01G319800	1437	3	0
TraesCS3A01G336000	513	3	0
TraesCS3A01G362800	371	3	1
TraesCS3A01G374600	523	3	0
TraesCS3A01G385600	880	3	0
TraesCS3A01G389100	19	3	0
TraesCS3A01G400400	124	3	0
TraesCS3A01G402000	604	3	0
TraesCS3A01G405200	206	3	0
TraesCS3A01G417900	578	3	1
TraesCS3A01G419500	1212	3	0
TraesCS3A01G427900	714	3	0
TraesCS3A01G443000	1302	3	0
TraesCS3A01G447500	387	3	0
TraesCS3A01G456700	1520	3	0
TraesCS3A01G463100	1515	3	0
TraesCS3A01G485300	1436	3	0
TraesCS3A01G524100	774	3	0
TraesCS3B01G021300	1257	3	0
TraesCS3B01G036300	372	3	0
TraesCS3B01G038600	1818	3	1
TraesCS3B01G042100	984	3	0
TraesCS3B01G046500	398	3	0
TraesCS3B01G053900	1494	3	0
TraesCS3B01G065900	412	3	0
TraesCS3B01G113700	1022	4	0
TraesCS3B01G124200	1342	3	0
TraesCS3B01G124600	592	3	0
TraesCS3B01G146300	1232	3	0
TraesCS3B01G189400	1790	4	0
TraesCS3B01G192300	284	3	0
TraesCS3B01G194900	61	3	0
TraesCS3B01G205500	1563	3	0
TraesCS3B01G215800	1271	3	0
TraesCS3B01G223300	1193	3	0
TraesCS3B01G231200	744	3	0
TraesCS3B01G232800	690	3	0
TraesCS3B01G249600	1713	3	0
TraesCS3B01G295800	1907	3	0
TraesCS3B01G301400	1026	3	0
TraesCS3B01G301500	1426	3	0
TraesCS3B01G330200	764	3	0
TraesCS3B01G332200	503	3	0
TraesCS3B01G332800	301	3	0
TraesCS3B01G351000	1888	3	0
TraesCS3B01G371900	1163	3	0
TraesCS3B01G383700	374	3	0
TraesCS3B01G395200	301	3	1
TraesCS3B01G417800	883	3	0
TraesCS3B01G438900	205	3	0
TraesCS3B01G456700	1171	3	0
TraesCS3B01G469200	1139	3	0
TraesCS3B01G482700	662	4	0
TraesCS3B01G485200	219	3	0
TraesCS3B01G485300	219	3	0
TraesCS3B01G522000	661	3	0
TraesCS3B01G571600	1191	3	0
TraesCS3D01G014400	1965	3	0
TraesCS3D01G014800	19	3	0
TraesCS3D01G022600	1301	3	0
TraesCS3D01G048200	308	3	0
TraesCS3D01G048300	310	3	0
TraesCS3D01G054100	1660	3	0
TraesCS3D01G064900	290	3	0
TraesCS3D01G074300	1309	3	0
TraesCS3D01G081700	1769	3	0
TraesCS3D01G109000	6	3	0
TraesCS3D01G116200	674	3	0
TraesCS3D01G164200	919	4	0
TraesCS3D01G169400	1268	3	0
TraesCS3D01G172000	53	3	0
TraesCS3D01G174000	706	4	0
TraesCS3D01G189200	1144	3	0
TraesCS3D01G189400	103	3	0
TraesCS3D01G198100	968	3	0
TraesCS3D01G206500	1170	3	0
TraesCS3D01G232300	1642	3	0
TraesCS3D01G236400	1671	3	0
TraesCS3D01G240200	1675	3	0
TraesCS3D01G264400	407	3	0
TraesCS3D01G269200	1610	3	0
TraesCS3D01G274500	1308	3	0
TraesCS3D01G295500	807	3	0
TraesCS3D01G298300	1008	3	0
TraesCS3D01G305300	300	3	0
TraesCS3D01G329000	515	3	0
TraesCS3D01G329700	1438	3	0
TraesCS3D01G333800	1678	3	0
TraesCS3D01G338700	1042	3	0
TraesCS3D01G356500	312	3	1
TraesCS3D01G369800	1948	3	0
TraesCS3D01G380600	19	3	0
TraesCS3D01G425600	722	3	0
TraesCS3D01G440200	391	3	0
TraesCS3D01G446400	1478	3	0
TraesCS3D01G460300	77	3	0
TraesCS3D01G472800	1838	3	0
TraesCS3D01G485500	1836	3	0
TraesCS3D01G486100	1841	3	0
TraesCS3D01G501100	532	3	0
TraesCS3D01G502700	1982	3	0
TraesCS3D01G517100	318	3	0
TraesCS3D01G539400	82	3	0
TraesCS4A01G008700	1772	3	0
TraesCS4A01G017800	1720	3	0
TraesCS4A01G026900	2	3	0
TraesCS4A01G027000	2	3	0
TraesCS4A01G043700	1387	3	0
TraesCS4A01G048700	563	3	0
TraesCS4A01G080600	1397	3	0
TraesCS4A01G089100	124	3	1
TraesCS4A01G090000	1335	3	0
TraesCS4A01G098300	585	3	0
TraesCS4A01G105500	1775	3	0
TraesCS4A01G116000	420	3	0
TraesCS4A01G132300	1969	3	0
TraesCS4A01G134900	1195	3	0
TraesCS4A01G147200	998	3	0
TraesCS4A01G175700	798	3	0
TraesCS4A01G179900	1906	3	0
TraesCS4A01G187100	15	4	0
TraesCS4A01G210600	1725	3	0
TraesCS4A01G210900	1885	3	0
TraesCS4A01G222900	710	3	0
TraesCS4A01G244500	475	3	0
TraesCS4A01G260700	633	3	0
TraesCS4A01G287900	1598	3	0
TraesCS4A01G290200	92	3	0
TraesCS4A01G301300	719	3	0
TraesCS4A01G307300	985	3	0
TraesCS4A01G310500	1638	3	0
TraesCS4A01G319300	1071	3	0
TraesCS4A01G326000	69	3	0
TraesCS4A01G353100	583	3	0
TraesCS4A01G369100	1231	3	0
TraesCS4A01G370400	1189	4	0
TraesCS4A01G398400	1838	3	0
TraesCS4A01G405200	1031	3	0
TraesCS4A01G409800	566	3	0
TraesCS4A01G419500	1288	3	0
TraesCS4A01G432200	1265	3	0
TraesCS4A01G445500	496	3	0
TraesCS4A01G466700	588	3	0
TraesCS4A01G473600	1932	3	0
TraesCS4A01G490000	1216	3	0
TraesCS4A01G490200	1625	3	0
TraesCS4B01G007200	707	3	0
TraesCS4B01G015500	58	3	0
TraesCS4B01G036600	539	3	0
TraesCS4B01G046800	402	3	0
TraesCS4B01G064100	18	3	0
TraesCS4B01G070500	494	3	0
TraesCS4B01G072800	1232	3	0
TraesCS4B01G074900	1941	3	0
TraesCS4B01G077400	1573	3	0
TraesCS4B01G079500	1678	4	0
TraesCS4B01G095700	995	3	0
TraesCS4B01G109600	312	3	0
TraesCS4B01G114200	1915	3	0
TraesCS4B01G130800	15	4	0
TraesCS4B01G133700	1011	3	0
TraesCS4B01G146600	860	3	0
TraesCS4B01G151200	1953	3	0
TraesCS4B01G170300	1229	3	0
TraesCS4B01G193500	1289	3	1
TraesCS4B01G196700	1415	3	0
TraesCS4B01G206200	586	3	0
TraesCS4B01G209700	1830	3	0
TraesCS4B01G214200	1305	3	0
TraesCS4B01G215200	123	3	1
TraesCS4B01G217600	1845	3	0
TraesCS4B01G218400	749	3	0
TraesCS4B01G238000	1912	3	0
TraesCS4B01G241100	1692	3	0
TraesCS4B01G242700	542	3	0
TraesCS4B01G249400	1918	3	0
TraesCS4B01G253500	1599	3	0
TraesCS4B01G274300	544	3	0
TraesCS4B01G316700	1245	3	0
TraesCS4B01G329900	1658	3	0
TraesCS4B01G348700	839	3	0
TraesCS4B01G353200	655	3	0
TraesCS4B01G361400	676	3	0
TraesCS4B01G383900	137	3	0
TraesCS4D01G009800	658	3	0
TraesCS4D01G021700	86	3	0
TraesCS4D01G038600	1848	3	0
TraesCS4D01G066000	1205	3	0
TraesCS4D01G069300	483	3	0
TraesCS4D01G073500	1588	3	0
TraesCS4D01G087100	1215	3	0
TraesCS4D01G090300	747	3	0
TraesCS4D01G091000	1860	3	0
TraesCS4D01G098000	1634	3	0
TraesCS4D01G103800	352	3	0
TraesCS4D01G111500	1477	3	0
TraesCS4D01G112100	1017	3	0
TraesCS4D01G117400	1581	3	0
TraesCS4D01G126400	15	3	0
TraesCS4D01G129400	469	3	0
TraesCS4D01G136900	791	3	0
TraesCS4D01G139100	1428	3	0
TraesCS4D01G139200	1027	3	0
TraesCS4D01G144500	859	3	1
TraesCS4D01G146300	1426	3	0
TraesCS4D01G146400	1026	3	0
TraesCS4D01G161400	1027	3	0
TraesCS4D01G172300	1191	3	0
TraesCS4D01G183000	1955	3	0
TraesCS4D01G191600	408	3	0
TraesCS4D01G206600	178	3	1
TraesCS4D01G207000	579	3	0
TraesCS4D01G215700	1868	3	1
TraesCS4D01G234300	612	3	0
TraesCS4D01G237400	1269	3	0
TraesCS4D01G238600	682	3	0
TraesCS4D01G254500	1309	3	0
TraesCS4D01G256200	600	3	0
TraesCS4D01G273100	184	3	0
TraesCS4D01G296300	1297	3	0
TraesCS4D01G305100	1554	4	0
TraesCS4D01G315000	1950	3	0
TraesCS4D01G318000	1253	3	0
TraesCS4D01G320700	1027	3	0
TraesCS4D01G320800	1427	3	0
TraesCS4D01G326400	1656	3	0
TraesCS4D01G348100	1603	3	0
TraesCS4D01G348200	803	3	0
TraesCS4D01G351100	237	3	0
TraesCS5A01G016600	529	3	0
TraesCS5A01G020200	1428	3	0
TraesCS5A01G020300	1027	3	0
TraesCS5A01G042100	723	3	0
TraesCS5A01G045300	1285	3	0
TraesCS5A01G051500	65	3	0
TraesCS5A01G052200	735	3	0
TraesCS5A01G058000	1584	3	0
TraesCS5A01G063900	1291	3	0
TraesCS5A01G073600	1116	3	0
TraesCS5A01G085600	189	3	0
TraesCS5A01G086500	1535	3	0
TraesCS5A01G089500	116	3	0
TraesCS5A01G098600	1028	3	0
TraesCS5A01G117200	1722	4	0
TraesCS5A01G124800	111	3	0
TraesCS5A01G136600	934	3	0
TraesCS5A01G166300	1387	3	0
TraesCS5A01G168200	1589	3	0
TraesCS5A01G175700	376	3	0
TraesCS5A01G178900	1233	3	0
TraesCS5A01G186800	851	3	0
TraesCS5A01G205200	1915	3	0
TraesCS5A01G218900	656	3	0
TraesCS5A01G224900	1904	3	0
TraesCS5A01G229600	997	3	0
TraesCS5A01G235600	392	3	0
TraesCS5A01G255500	1325	3	0
TraesCS5A01G256500	1415	3	0
TraesCS5A01G260600	126	3	0
TraesCS5A01G276600	1689	3	0
TraesCS5A01G285500	1729	3	0
TraesCS5A01G289600	1514	3	0
TraesCS5A01G302900	1094	3	0
TraesCS5A01G303300	1338	4	0
TraesCS5A01G320500	1674	3	0
TraesCS5A01G336000	1419	3	0
TraesCS5A01G352800	85	3	0
TraesCS5A01G365200	167	3	0
TraesCS5A01G367000	73	3	0
TraesCS5A01G367200	132	3	0
TraesCS5A01G399300	1729	3	0
TraesCS5A01G402200	887	4	0
TraesCS5A01G437700	1352	3	0
TraesCS5A01G437900	265	3	1
TraesCS5A01G439300	623	3	0
TraesCS5A01G439400	1245	3	0
TraesCS5A01G457200	63	3	0
TraesCS5A01G488300	1309	3	0
TraesCS5A01G488600	1108	3	0
TraesCS5A01G520900	1459	3	0
TraesCS5A01G526600	243	3	0
TraesCS5A01G528800	1986	3	0
TraesCS5B01G001300	1510	4	0
TraesCS5B01G022400	1106	3	0
TraesCS5B01G072400	713	3	0
TraesCS5B01G088000	889	4	0
TraesCS5B01G096900	1796	3	0
TraesCS5B01G101300	1395	4	0
TraesCS5B01G124400	111	3	0
TraesCS5B01G133800	339	3	0
TraesCS5B01G150500	921	3	0
TraesCS5B01G152900	525	3	0
TraesCS5B01G154900	1028	3	0
TraesCS5B01G162300	709	3	0
TraesCS5B01G164200	500	3	0
TraesCS5B01G171900	1750	3	0
TraesCS5B01G182600	212	3	0
TraesCS5B01G188000	1582	3	0
TraesCS5B01G192500	379	3	0
TraesCS5B01G214400	1956	3	0
TraesCS5B01G217500	737	3	0
TraesCS5B01G217600	411	3	0
TraesCS5B01G230600	1822	3	0
TraesCS5B01G258600	1274	3	0
TraesCS5B01G263800	93	3	0
TraesCS5B01G265900	1043	3	0
TraesCS5B01G284600	449	3	0
TraesCS5B01G291000	1903	3	0
TraesCS5B01G303200	1222	3	0
TraesCS5B01G336300	1386	3	0
TraesCS5B01G355300	1274	3	0
TraesCS5B01G369300	76	3	0
TraesCS5B01G383700	939	3	0
TraesCS5B01G395400	489	3	0
TraesCS5B01G404400	436	3	0
TraesCS5B01G431000	953	3	0
TraesCS5B01G440500	1069	3	0
TraesCS5B01G440700	423	3	1
TraesCS5B01G442300	589	3	0
TraesCS5B01G442400	99	3	0
TraesCS5B01G446100	781	3	0
TraesCS5B01G447600	1710	3	0
TraesCS5B01G463900	1956	3	0
TraesCS5B01G468800	291	3	0
TraesCS5B01G480500	66	3	0
TraesCS5B01G485900	273	3	0
TraesCS5B01G498000	977	3	0
TraesCS5B01G502300	1173	3	0
TraesCS5B01G503500	1321	3	0
TraesCS5B01G531000	1070	3	0
TraesCS5B01G538900	72	3	0
TraesCS5B01G554400	1021	3	0
TraesCS5D01G015000	1665	3	0
TraesCS5D01G019000	1978	3	0
TraesCS5D01G021500	777	3	0
TraesCS5D01G022300	424	3	0
TraesCS5D01G024200	530	3	0
TraesCS5D01G024500	103	3	0
TraesCS5D01G068600	1492	3	0
TraesCS5D01G074700	729	3	0
TraesCS5D01G079100	1026	3	0
TraesCS5D01G085300	435	3	0
TraesCS5D01G093300	686	3	0
TraesCS5D01G101600	120	3	1
TraesCS5D01G104000	1317	3	0
TraesCS5D01G127400	1428	3	0
TraesCS5D01G127500	1028	3	0
TraesCS5D01G147000	1488	3	0
TraesCS5D01G147900	1826	3	0
TraesCS5D01G158500	738	3	0
TraesCS5D01G164100	387	3	0
TraesCS5D01G200500	1350	3	0
TraesCS5D01G202700	1426	3	0
TraesCS5D01G213700	1486	3	0
TraesCS5D01G235800	727	3	0
TraesCS5D01G236900	18	3	0
TraesCS5D01G244200	1149	4	0
TraesCS5D01G250700	1038	3	0
TraesCS5D01G268000	138	3	0
TraesCS5D01G284300	932	3	0
TraesCS5D01G292000	441	3	0
TraesCS5D01G330000	99	3	0
TraesCS5D01G330600	1550	3	0
TraesCS5D01G330700	330	3	0
TraesCS5D01G359800	89	3	0
TraesCS5D01G371000	1232	3	0
TraesCS5D01G373900	171	3	0
TraesCS5D01G376300	75	3	0
TraesCS5D01G386900	1607	3	0
TraesCS5D01G399900	1103	3	0
TraesCS5D01G404900	772	3	0
TraesCS5D01G408800	245	3	0
TraesCS5D01G409200	411	3	0
TraesCS5D01G414000	1486	3	0
TraesCS5D01G434000	1723	3	0
TraesCS5D01G445100	271	3	1
TraesCS5D01G450400	1756	3	0
TraesCS5D01G453700	920	3	0
TraesCS5D01G468600	1610	3	0
TraesCS5D01G469100	860	3	0
TraesCS5D01G470300	297	3	0
TraesCS5D01G478100	242	4	0
TraesCS5D01G490500	1656	3	0
TraesCS5D01G508100	1033	3	0
TraesCS5D01G517600	516	3	0
TraesCS5D01G532000	485	3	0
TraesCS5D01G557100	90	3	0
TraesCS5D01G564700	1268	3	0
TraesCS5D01G567900	1308	3	0
TraesCS6A01G006600	773	3	0
TraesCS6A01G010700	1172	3	0
TraesCS6A01G019600	347	3	0
TraesCS6A01G021800	934	3	0
TraesCS6A01G033600	475	3	0
TraesCS6A01G035800	274	3	0
TraesCS6A01G038500	527	3	0
TraesCS6A01G047000	1207	3	0
TraesCS6A01G047500	923	3	0
TraesCS6A01G047900	1805	3	0
TraesCS6A01G048300	1984	3	0
TraesCS6A01G051400	572	3	0
TraesCS6A01G094500	1197	3	0
TraesCS6A01G097500	1261	3	0
TraesCS6A01G113500	342	3	0
TraesCS6A01G118500	54	3	0
TraesCS6A01G124900	291	3	0
TraesCS6A01G127600	1939	3	0
TraesCS6A01G131300	1802	3	0
TraesCS6A01G137300	684	3	0
TraesCS6A01G144400	1127	3	0
TraesCS6A01G155500	1347	3	0
TraesCS6A01G158300	801	3	0
TraesCS6A01G173100	335	3	0
TraesCS6A01G183800	1440	3	0
TraesCS6A01G188100	1346	3	0
TraesCS6A01G203000	100	3	0
TraesCS6A01G204500	1491	3	0
TraesCS6A01G213700	248	3	0
TraesCS6A01G244900	1837	3	0
TraesCS6A01G246500	1960	3	0
TraesCS6A01G266400	600	3	0
TraesCS6A01G295300	602	3	0
TraesCS6A01G308300	644	4	0
TraesCS6A01G314100	834	3	0
TraesCS6A01G321700	187	3	0
TraesCS6A01G323900	623	3	0
TraesCS6A01G329300	1770	3	0
TraesCS6A01G360400	560	3	0
TraesCS6A01G370000	435	3	0
TraesCS6A01G373400	1713	3	0
TraesCS6A01G383400	452	3	0
TraesCS6A01G387900	1288	3	0
TraesCS6A01G399500	1159	3	0
TraesCS6A01G414100	333	3	0
TraesCS6A01G419600	1235	3	0
TraesCS6B01G029200	1949	3	0
TraesCS6B01G032900	1584	3	0
TraesCS6B01G050500	571	3	0
TraesCS6B01G053300	146	3	0
TraesCS6B01G064400	1709	3	0
TraesCS6B01G077200	1826	3	0
TraesCS6B01G081700	811	3	0
TraesCS6B01G093000	1777	3	0
TraesCS6B01G108900	391	3	0
TraesCS6B01G145100	520	3	0
TraesCS6B01G158100	763	3	0
TraesCS6B01G179000	1075	3	0
TraesCS6B01G186800	1526	3	0
TraesCS6B01G187500	448	3	0
TraesCS6B01G194800	20	3	0
TraesCS6B01G201100	530	3	0
TraesCS6B01G207500	1026	3	0
TraesCS6B01G216900	1260	3	0
TraesCS6B01G223500	1248	3	0
TraesCS6B01G229300	100	3	0
TraesCS6B01G234600	1025	3	0
TraesCS6B01G234700	1426	3	0
TraesCS6B01G243700	464	3	1
TraesCS6B01G267000	277	3	0
TraesCS6B01G271600	1021	3	0
TraesCS6B01G276000	1072	3	0
TraesCS6B01G293700	878	3	0
TraesCS6B01G318200	1069	3	0
TraesCS6B01G338700	1427	3	0
TraesCS6B01G338800	1027	3	0
TraesCS6B01G339800	1186	3	0
TraesCS6B01G346500	110	3	0
TraesCS6B01G346700	120	3	1
TraesCS6B01G346800	506	3	0
TraesCS6B01G375800	806	3	0
TraesCS6B01G383000	686	3	0
TraesCS6B01G408300	860	3	0
TraesCS6B01G412800	630	3	0
TraesCS6B01G422600	455	3	0
TraesCS6B01G469500	1756	3	0
TraesCS6D01G003100	1048	4	0
TraesCS6D01G027600	920	3	0
TraesCS6D01G054800	931	3	0
TraesCS6D01G057000	1248	3	0
TraesCS6D01G086100	1205	3	0
TraesCS6D01G093700	1739	3	0
TraesCS6D01G099600	577	3	0
TraesCS6D01G103200	1123	3	0
TraesCS6D01G127600	1011	3	0
TraesCS6D01G146500	1365	4	0
TraesCS6D01G148700	481	3	0
TraesCS6D01G170600	69	3	1
TraesCS6D01G177600	1446	3	0
TraesCS6D01G185600	100	3	0
TraesCS6D01G191800	685	3	0
TraesCS6D01G196300	453	3	0
TraesCS6D01G218100	1565	3	0
TraesCS6D01G219900	1586	3	0
TraesCS6D01G248300	619	3	0
TraesCS6D01G275900	617	3	0
TraesCS6D01G303200	1374	3	0
TraesCS6D01G320800	1457	3	0
TraesCS6D01G321500	406	3	0
TraesCS6D01G342700	1901	3	0
TraesCS6D01G355200	765	3	0
TraesCS6D01G368200	452	3	0
TraesCS6D01G369900	881	3	0
TraesCS6D01G379800	149	3	0
TraesCS6D01G400300	1487	3	0
TraesCS6D01G402500	1043	3	0
TraesCS6D01G405500	1900	3	0
TraesCS7A01G014100	1548	3	0
TraesCS7A01G019600	1472	3	0
TraesCS7A01G020000	1423	3	0
TraesCS7A01G028100	1012	3	1
TraesCS7A01G030800	736	3	0
TraesCS7A01G039000	698	3	0
TraesCS7A01G039100	955	3	0
TraesCS7A01G040800	625	3	0
TraesCS7A01G042200	524	3	0
TraesCS7A01G043500	1320	3	0
TraesCS7A01G046000	1430	3	0
TraesCS7A01G099400	1428	3	0
TraesCS7A01G099500	1027	3	0
TraesCS7A01G106700	1772	3	0
TraesCS7A01G122500	897	3	0
TraesCS7A01G124400	1435	3	0
TraesCS7A01G125600	468	3	0
TraesCS7A01G126600	361	3	0
TraesCS7A01G129900	429	3	0
TraesCS7A01G156800	524	3	0
TraesCS7A01G175400	1613	3	0
TraesCS7A01G197100	40	4	1
TraesCS7A01G206900	1654	3	0
TraesCS7A01G209200	273	3	0
TraesCS7A01G209400	273	3	0
TraesCS7A01G210500	93	3	0
TraesCS7A01G245300	271	3	0
TraesCS7A01G264900	384	3	0
TraesCS7A01G268500	1062	3	0
TraesCS7A01G289300	1809	3	0
TraesCS7A01G289400	608	3	0
TraesCS7A01G289700	602	3	0
TraesCS7A01G292300	1027	3	0
TraesCS7A01G312600	13	3	0
TraesCS7A01G316900	51	3	0
TraesCS7A01G320100	577	3	0
TraesCS7A01G324800	151	4	0
TraesCS7A01G345600	1465	3	0
TraesCS7A01G346400	946	3	0
TraesCS7A01G366000	1302	3	0
TraesCS7A01G387800	1427	3	0
TraesCS7A01G387900	1026	3	0
TraesCS7A01G393800	1247	3	0
TraesCS7A01G421000	105	3	0
TraesCS7A01G421200	1301	3	0
TraesCS7A01G424200	184	3	0
TraesCS7A01G446000	416	3	0
TraesCS7A01G457900	1351	3	0
TraesCS7A01G486800	605	3	0
TraesCS7A01G493200	1282	3	0
TraesCS7A01G508200	1247	3	0
TraesCS7A01G510500	1708	3	0
TraesCS7A01G512500	613	3	0
TraesCS7A01G515300	702	3	0
TraesCS7A01G517800	1292	3	0
TraesCS7A01G522500	1213	3	0
TraesCS7A01G525800	907	4	0
TraesCS7A01G532600	1720	3	0
TraesCS7A01G542800	1791	3	0
TraesCS7A01G546100	1187	3	0
TraesCS7B01G012700	808	3	0
TraesCS7B01G019500	1011	3	0
TraesCS7B01G023400	1432	3	0
TraesCS7B01G042500	1360	3	1
TraesCS7B01G044500	30	3	0
TraesCS7B01G047600	1952	3	0
TraesCS7B01G082800	604	3	0
TraesCS7B01G135900	1340	3	0
TraesCS7B01G146200	272	4	0
TraesCS7B01G153800	730	3	0
TraesCS7B01G162100	457	3	0
TraesCS7B01G191000	1146	3	0
TraesCS7B01G194100	248	4	0
TraesCS7B01G212300	13	3	0
TraesCS7B01G237400	532	3	0
TraesCS7B01G239200	125	3	0
TraesCS7B01G249600	1675	3	0
TraesCS7B01G301400	1095	3	0
TraesCS7B01G321400	120	3	0
TraesCS7B01G325700	151	3	0
TraesCS7B01G327200	500	3	0
TraesCS7B01G358600	1720	3	0
TraesCS7B01G358800	1102	3	0
TraesCS7B01G389100	1364	3	0
TraesCS7B01G399100	905	3	0
TraesCS7B01G401700	1189	3	0
TraesCS7B01G402200	1049	3	0
TraesCS7B01G457300	1027	3	0
TraesCS7B01G457400	1428	3	0
TraesCS7B01G494600	137	3	0
TraesCS7D01G003500	929	3	0
TraesCS7D01G011200	259	3	0
TraesCS7D01G036400	756	3	0
TraesCS7D01G037700	496	3	0
TraesCS7D01G068900	1749	3	0
TraesCS7D01G069500	1180	3	0
TraesCS7D01G073700	1234	3	0
TraesCS7D01G092200	1928	3	0
TraesCS7D01G124500	367	3	0
TraesCS7D01G198500	40	4	0
TraesCS7D01G211200	1403	3	0
TraesCS7D01G217400	1679	5	0
TraesCS7D01G217500	1081	3	0
TraesCS7D01G219500	1703	3	0
TraesCS7D01G222600	1495	3	0
TraesCS7D01G234200	1077	3	0
TraesCS7D01G251900	1840	3	0
TraesCS7D01G301800	121	3	0
TraesCS7D01G309000	13	3	0
TraesCS7D01G321200	145	4	0
TraesCS7D01G330700	1033	3	0
TraesCS7D01G335700	125	3	0
TraesCS7D01G337400	490	3	0
TraesCS7D01G345600	1404	3	0
TraesCS7D01G374300	1217	3	0
TraesCS7D01G393100	1379	3	0
TraesCS7D01G415900	804	3	0
TraesCS7D01G432700	1118	3	0
TraesCS7D01G432900	1868	3	0
TraesCS7D01G445800	922	3	0
TraesCS7D01G446400	1768	3	0
TraesCS7D01G454400	1823	3	0
TraesCS7D01G464100	1027	3	0
TraesCS7D01G464200	1428	3	0
TraesCS7D01G466000	1653	3	0
TraesCS7D01G498900	1985	3	0
TraesCS7D01G543000	402	3	0
TraesCS7D01G547400	29	3	0
TraesCSU01G033100	438	3	0
TraesCSU01G064100	1706	3	0
TraesCSU01G076900	882	3	0
TraesCSU01G079600	1910	3	0
TraesCSU01G094300	983	3	0
TraesCSU01G101000	1671	3	0
TraesCSU01G150100	1412	3	0
TraesCSU01G150200	1011	3	0
TraesCSU01G150800	622	3	0
TraesCSU01G174800	273	3	0
TraesCSU01G218300	1130	3	0
TraesCSU01G227900	1627	3	0
TraesCSU01G235200	1792	4	0
TraesCSU01G240900	332	3	0
TraesCSU01G249000	998	3	0
TraesCSU01G266000	1859	3	0
